[gd_scene load_steps=9 format=3 uid="uid://doxnhvhjq4su4"]

[ext_resource type="Script" path="res://behaviors/BigBoid.gd" id="1_v3sjo"]
[ext_resource type="Material" uid="uid://riaxsucfeykv" path="res://behaviors/boid_material.tres" id="2_6po8y"]
[ext_resource type="Script" path="res://behaviors/MoveMe.gd" id="3_fk53t"]

[sub_resource type="PrismMesh" id="PrismMesh_6q73x"]

[sub_resource type="BoxShape3D" id="BoxShape3D_752ur"]

[sub_resource type="StandardMaterial3D" id="StandardMaterial3D_jyhd8"]

[sub_resource type="Environment" id="Environment_mhj6t"]
background_mode = 1
ambient_light_source = 2
ambient_light_color = Color(0.607843, 0.607843, 0.607843, 1)

[sub_resource type="Curve3D" id="Curve3D_8svmc"]
_data = {
"points": PackedVector3Array(0, 0, 0, 0, 0, 0, 0, 0, 0, 0, 0, 0, 0, 0, 0, 5, 0, 5, 0, 0, 0, 0, 0, 0, -5, 0, 5, 0, 0, 0, 0, 0, 0, -5, 0, -5, 0, 0, 0, 0, 0, 0, 5, 0, -5, 0, 0, 0, 0, 0, 0, 0, 0, 0),
"tilts": PackedFloat32Array(0, 0, 0, 0, 0, 0)
}
point_count = 6

[node name="root" type="Node3D"]

[node name="Camera3D" type="Camera3D" parent="."]
transform = Transform3D(0.901259, 5.50954e-09, -0.433282, 0.400488, -0.381635, 0.833045, -0.165355, -0.924313, -0.343952, -7.45868, 20.177, -11.3659)
near = 0.01

[node name="boid" type="CharacterBody3D" parent="." node_paths=PackedStringArray("path")]
script = ExtResource("1_v3sjo")
target_node_path = NodePath("../Path3D/PathFollow3D/Move here marker")
path = NodePath("../Path3D/PathFollow3D")

[node name="MeshInstance3D" type="MeshInstance3D" parent="boid"]
transform = Transform3D(1, 0, 0, 0, -8.74228e-08, -1, 0, 2, -4.37114e-08, 0, 0, 0)
mesh = SubResource("PrismMesh_6q73x")
skeleton = NodePath("../..")
surface_material_override/0 = ExtResource("2_6po8y")

[node name="CollisionShape3D" type="CollisionShape3D" parent="boid"]
shape = SubResource("BoxShape3D_752ur")

[node name="Move here marker" type="Marker3D" parent="."]
transform = Transform3D(1, 0, 0, 0, 1, 0, 0, 0, 1, -9.0716, 0.0151713, 4.19095)
visible = false
script = ExtResource("3_fk53t")

[node name="CSGSphere3D" type="CSGSphere3D" parent="Move here marker"]
material = SubResource("StandardMaterial3D_jyhd8")

[node name="DirectionalLight3D" type="DirectionalLight3D" parent="."]
transform = Transform3D(0.580348, -0.712167, 0.394988, 0, 0.485023, 0.874501, -0.814369, -0.507515, 0.281482, 0, 4.35052, 0)

[node name="WorldEnvironment" type="WorldEnvironment" parent="."]
environment = SubResource("Environment_mhj6t")

[node name="Timer" type="Timer" parent="."]
wait_time = 5.0

[node name="Path3D" type="Path3D" parent="."]
curve = SubResource("Curve3D_8svmc")

[node name="PathFollow3D" type="PathFollow3D" parent="Path3D"]
transform = Transform3D(-0.707107, 0, -0.707107, 0, 1, 0, 0.707107, 0, -0.707107, 0, 0, 0)

[node name="Move here marker" type="Marker3D" parent="Path3D/PathFollow3D"]

[node name="CSGSphere3D" type="CSGSphere3D" parent="Path3D/PathFollow3D/Move here marker"]
material = SubResource("StandardMaterial3D_jyhd8")

[connection signal="timeout" from="Timer" to="Move here marker" method="_on_timer_timeout"]
